0
-43
-35
-80
16
345
927
1985
3412
5148
7119
8961
10560
11693
12133
11959
11062
9573
7547
5096
2383
-482
-3311
-5951
-8280
-10133
-11433
-12110
-12099
-11438
-10137
-8268
-5961
-3307
-477
2372
5108
7543
9569
11074
11948
12181
11732
10628
8955
6769
4216
1438
-1439
-4217
-6770
-8956
-10629
-11733
-12182
-11949
-11075
-9570
-7544
-5109
-2373
476
3306
5960
8267
10136
11437
12098
12109
11432
10132
8279
5950
3310
481
-2384
-5097
-7548
-9574
-11063
-11960
-12177
-11729
-10640
-8945
-6774
-4221
-1428
1427
4220
6773
8944
10639
11728
12176
11959
11062
9573
7547
5096
2365
-523
-3373
-5969
-8080
-9441
-9955
-9653
-8663
-7215
-5422
-3335
-985
1649
4455
7286
10022
12458
14484
15988
16863
17095
16647
15543
13870
11683
9130
6352
3476
698
-1855
-4041
-5715
-6819
-7267
-7034
-6160
-4655
-2629
-194
2542
5391
8220
10875
13182
15051
16351
17013
17024
16347
15046
13193
10864
8225
5395
2531
-183
-2633
-4659
-6149
-7045
-7262
-6814
-5725
-4031
-1860
693
3487
6341
9135
11688
13859
15554
16643
17091
16874
15977
14488
12462
10011
7297
4433
1603
-1036
-3365
-5218
-6519
-7195
-7184
-6523
-5222
-3354
-1047
1608
4438
7286
10022
12458
14484
15988
