0
12328
-7156
17780
10604
2841
26052
3798
12465
20443
-3839
16116
4050
-8240
11056
-14284
-7704
-699
-24785
-3477
-13107
-22013
1429
-19234
-7704
4252
-15157
10296
4050
-2420
22375
1907
12465
22334
-161
21377
10604
-756
19057
-6208
0
6208
-19057
756
-10604
-21377
161
-22334
-12465
-1907
-22375
2420
-4050
-10296
15157
-4252
7704
19234
-1429
22013
13107
3477
24785
699
7704
14284
-11056
8240
-4050
-16116
3839
-20443
-12465
-3798
-26052
-2841
-10604
-17780
7156
-12328
0
12328
-7156
17780
10604
2841
26052
3798
12465
20443
-3839
16116
4050
-8240
11056
-14284
-7704
-699
-24785
-3477
-8192
-17098
6344
-14319
-2789
9167
-10242
15211
8965
2495
27290
6823
17380
27249
4754
26292
15519
4159
23972
-1293
4915
11123
-14142
5671
-5689
-16462
5076
-17419
-7550
3008
-17460
7335
865
-5381
20072
663
12619
24149
3486
26928
18022
8392
29700
5614
12619
19199
-6141
13155
865
-11201
8754
-15528
-7550
1117
-21137
2074
-5689
-12865
12071
-7413
4915
17243
-2241
22695
15519
7756
30967
8714
17380
25358
1076
21031
8965
-3325
15971
-9369
-2789
4216
-19870
1438
-8192
-17098
6344
-14319
-2789
9167
-10242
15211
8965
2495
27290
6823
17380
27249
4754
26292
15519
4159
23972
-1293
